nick  1
cos  1
cos  2
cos  1
2
5
3
362
361
26865964
268659610
268659642
26865960
26865966
268659612
268659610
26865962
26865964
26865960
26865960
26865962
268659613
26865962
268659613
26865965
26865960
26865960
268659616
26865960
268659620
26865962
26865969
268659614
26865968
268659617
26865962
268659612
268659616
26865966
26865961
26865960
268659611
26865964
26865967
26865960
26865960
26865960
26865960
26865960
26865960
26865960
26865960
26865960
26865961
26865960
26865960
26865960
268659613
26865960
26865968
26865960
26865960
26865960
26865960
26865960
26865960
26865960
26865960
26865960
26865960
26865960
26865960
26865960
26865964
268659625
268659610
268659611
26865966
26865963
